classification_reports per bst:

round 0: 
		precision    recall  f1-score   support

           0       0.98      0.99      0.98    151751
           1       0.99      0.97      0.98    243613
           2       0.93      0.92      0.92     45778
           3       0.96      0.98      0.97     80856
           4       0.90      0.97      0.93     98218
           5       0.89      0.93      0.91     28394
           6       0.91      0.65      0.76     27276
           7       0.69      0.23      0.34       310
           8       0.97      0.76      0.85       138
           9       1.00      0.98      0.99       661

    accuracy                           0.96    676995
   macro avg       0.92      0.84      0.86    676995
weighted avg       0.96      0.96      0.96    676995

round 1:
       		precision    recall  f1-score   support

           0       0.98      0.99      0.98    151751
           1       0.99      0.98      0.98    243613
           2       0.93      0.92      0.92     45778
           3       0.96      0.98      0.97     80856
           4       0.91      0.97      0.94     98218
           5       0.88      0.93      0.91     28394
           6       0.90      0.71      0.80     27276
           7       0.90      0.22      0.36       310
           8       0.97      0.75      0.85       138
           9       1.00      0.98      0.99       661

    accuracy                           0.96    676995
   macro avg       0.94      0.84      0.87    676995
weighted avg       0.96      0.96      0.96    676995

round 2:
      		precision    recall  f1-score   support

           0       0.98      0.99      0.98    151751
           1       0.99      0.98      0.98    243613
           2       0.93      0.92      0.93     45778
           3       0.96      0.98      0.97     80856
           4       0.91      0.97      0.94     98218
           5       0.89      0.93      0.91     28394
           6       0.91      0.71      0.80     27276
           7       0.90      0.22      0.36       310
           8       0.97      0.77      0.86       138
           9       1.00      0.98      0.99       661

    accuracy                           0.96    676995
   macro avg       0.94      0.84      0.87    676995
weighted avg       0.96      0.96      0.96    676995